10	6	48	-13961.6	1136.4	14747.1	-1650
10	6	34	-17312.8	2898.1	17713	-2734.2
6	10	48	-5542.7		818.6	5517.8	-683	
6	10	34	-6952.6		1011.3	6934.4	-934.2
6	10	22	-5828.2		827.3	5820.7	-763
2	6	48	-15001.2	1274.2	14597	-1912
2	6	34	-17876.3	1733.8	18006	-2731.4
2	6	22	-15355.6	2180.6	15772.3	-1823.2
6	6	48	-8065.5		1010	8113.7	-1003.5
6	6	34	-9962.6		1342.9	10045	-1337.2
6	6	22	-8037.8		1061.8	8101	-1078.7	
4	4	48	-8469.7		2566.1	8255.9	-2690.1
4	4	34	-10650.2	3303.3	10621.6	-2709.1	
4	4	22	-8830		2948.1	8941.3	-2724.8	
8	4	48	-8522.8		-334.3	8781	510.4
8	4	34	-10882.7	-236.1	11020.1	270.4	
8	4	22	-9210.2		-414.9	9161.3	295.2
8	8	48	-8195.5		2852	8421.3	-2488.6	
8	8	34	-10401.2	3055.4	10599.8	-3191
8	8	22	-8779.7		2935.3	8796.7	-2866.5	
4	8	48	-8842.1		-539.1	8704.9	388.9
4	8	34	-11126.8	-312.5	11166.4	257.9
4	8	22	-9231.2		367.1	9421.1	477.6
4	6	48	-9586.7		1174.6	9424.3	-1300.8	
4	6	34	-11887.4	1643.6	11871.4	-1599.3	
4	6	22	-10001.2	1686	10170.1	-1003.3
